1
252 144 50 2
0 0 255 4
255 20 147 7
0 0 255 5
252 144 50 2
0 0 255 5
115 74 18 7
64 224 208 7
64 224 208 3
252 144 50 1
0 0 255 2
115 74 18 2
252 224 203 2
252 224 203 4
255 20 147 2
34 139 34 4

0 0 255 1
64 224 208 1
115 74 18 1
34 139 34 1
0 0 255 4
64 224 208 6
115 74 18 1
34 139 34 3
255 20 147 6
115 74 18 6
0 0 255 1
255 20 147 1
0 0 255 3
0 0 255 4
64 224 208 1
252 224 203 3

252 224 203 1
64 224 208 1
0 0 255 1
0 0 255 1
252 224 203 2
0 0 255 1
0 0 255 3
0 0 255 2
34 139 34 1
115 74 18 1
115 74 18 5
255 20 147 5
34 139 34 2
115 74 18 1
64 224 208 5
0 0 255 3

252 224 203 1
64 224 208 1
0 0 255 1
0 0 255 1
252 224 203 1
0 0 255 1
0 0 255 1
0 0 255 1
252 224 203 1
115 74 18 1
0 0 255 2
0 0 255 1
34 139 34 1
115 74 18 1
115 74 18 4
255 20 147 4
0 245 255 3
78 238 148 3
78 238 148 1
0 245 255 1
238 238 0 1
0 245 255 4
0 245 255 1

252 224 203 1
64 224 208 1
0 0 255 1
0 0 255 1
252 224 203 1
0 0 255 1
0 0 255 1
0 0 255 1
252 224 203 1
115 74 18 1
0 0 255 1
0 0 255 1
34 139 34 1
115 74 18 1
0 0 255 1
255 20 147 1

2
235 29 29 2
255 255 0 4
75 0 130 7
128 0 128 5
115 74 18 2
252 224 203 5
128 0 128 7
0 0 255 7
34 139 34 3
255 255 0 1
235 29 29 2
34 139 34 2
0 0 255 2
75 0 130 4
75 0 130 2
252 224 203 4

252 224 203 1
75 0 130 1
75 0 130 1
0 0 255 1
252 224 203 3
75 0 130 1
75 0 130 3
0 0 255 1
34 139 34 1
235 29 29 1
252 224 203 1
34 139 34 2
0 0 255 6
128 0 128 6
252 224 203 4
115 74 18 1

252 224 203 1
75 0 130 1
75 0 130 1
0 0 255 1
252 224 203 1
75 0 130 1
75 0 130 1
0 0 255 1
252 224 203 2
235 29 29 1
75 0 130 2
34 139 34 1
0 0 255 1
128 0 128 1
252 224 203 1
34 139 34 1

252 224 203 1
75 0 130 1
75 0 130 1
0 0 255 1
252 224 203 1
75 0 130 1
75 0 130 1
0 0 255 1
252 224 203 1
235 29 29 1
75 0 130 1
34 139 34 1
252 224 203 1
128 0 128 1
75 0 130 1
34 139 34 1

3
235 29 29 2
34 139 34 4
75 0 130 7
255 20 147 5
252 224 203 2
255 20 147 5
128 0 128 7
0 0 255 7
34 139 34 3
235 29 29 1
64 224 208 2
75 0 130 2
255 255 0 2
252 144 50 4
255 255 0 2
255 255 0 4

0 0 128 1
238 173 14 1
255 106 106 1
0 0 128 1
0 0 128 2
238 173 14 4
255 106 106 3
255 106 106 1
78 238 148 1
255 20 147 1
0 0 255 1
75 0 130 1
255 255 0 1
255 20 147 4
0 0 255 6
75 0 130 1
255 255 0 3
75 0 130 6
128 0 128 6
64 224 208 1
255 255 0 1
34 139 34 3
255 20 147 4
34 139 34 1
252 144 50 3

252 144 50 1
34 139 34 1
255 20 147 1
34 139 34 1
252 144 50 2
64 224 208 1
255 20 147 3
34 139 34 2
255 255 0 1
75 0 130 1
128 0 128 5
75 0 130 5
255 255 0 2
75 0 130 1
0 0 255 5
255 20 147 3

252 144 50 1
34 139 34 1
255 20 147 1
34 139 34 1
252 144 50 1
64 224 208 1
255 20 147 1
34 139 34 1
252 144 50 1
75 0 130 1
255 20 147 2
34 139 34 1
255 255 0 1
75 0 130 1
128 0 128 4
75 0 130 4

252 144 50 1
34 139 34 1
255 20 147 1
34 139 34 1
252 144 50 1
64 224 208 1
255 20 147 1
34 139 34 1
252 144 50 1
75 0 130 1
255 20 147 1
34 139 34 1
255 255 0 1
75 0 130 1
255 20 147 1
75 0 130 1

4
255 255 0 2
255 20 147 4
255 255 0 7
64 224 208 5
115 74 18 2
255 20 147 5
115 74 18 7
252 224 203 7
128 0 128 3
235 29 29 1
252 144 50 2
255 255 0 2
34 139 34 2
64 224 208 4
64 224 208 2
75 0 130 4

64 224 208 1
252 224 203 1
255 255 0 1
75 0 130 1
64 224 208 4
252 224 203 6
255 255 0 1
75 0 130 3
255 255 0 6
115 74 18 6
252 144 50 1
64 224 208 1
255 20 147 3
255 20 147 4
128 0 128 1
64 224 208 3

64 224 208 1
128 0 128 1
255 20 147 1
238 238 0 1
78 238 148 4
0 245 255 3
255 20 147 1
64 224 208 2
252 144 50 1
255 20 147 3
255 20 147 2
75 0 130 1
255 255 0 1
115 74 18 5
255 255 0 5
75 0 130 2
255 255 0 1
252 224 203 5
64 224 208 3

64 224 208 1
128 0 128 1
255 20 147 1
0 245 255 1
78 238 148 1
238 238 0 1
255 20 147 1
64 224 208 1
252 144 50 1
255 20 147 1
0 245 255 1
255 20 147 4
255 187 255 3

238 238 0 1
0 245 255 1
0 245 255 1
0 139 69 1
78 238 148 1
78 238 148 1
0 245 255 1
238 238 0 1
0 245 255 1
78 238 148 1
0 245 255 4
238 238 0 1
255 20 147 1
64 224 208 1
255 255 0 1
255 20 147 2
255 20 147 1
75 0 130 1
255 255 0 1
115 74 18 4
255 255 0 4

64 224 208 1
128 0 128 1
255 20 147 1
0 245 255 1
78 238 148 1
238 238 0 1
78 238 148 1
78 238 148 1
78 238 148 1
0 245 255 1
255 187 255 1
255 187 255 1
0 245 255 1
0 245 255 1
238 238 0 1
255 187 255 1
0 245 255 2
0 139 69 1

8
255 20 147 1
64 224 208 1
252 144 50 1
255 20 147 1
238 238 0 5
0 0 128 2
255 127 0 5
238 238 0 5
255 187 255 1
255 106 106 6
0 0 128 1
238 238 0 2
0 245 255 1
0 0 128 3
0 139 69 1
78 238 148 3
238 238 0 5

255 20 147 1
64 224 208 1
255 255 0 1
255 20 147 1
238 238 0 1
0 0 128 1
255 106 106 6
238 238 0 1
238 238 0 4
0 0 128 1
255 127 0 4
238 238 0 4
0 245 255 1
255 106 106 5
0 139 69 1
238 238 0 1
238 238 0 1

238 238 0 1
238 238 0 1
0 139 69 1
255 106 106 1
0 245 255 1
238 238 0 1
255 127 0 1
255 106 106 4
238 238 0 1
238 238 0 3
255 127 0 3
0 0 128 1
238 238 0 3
255 20 147 1
75 0 130 1
255 255 0 1
255 20 147 1
255 255 0 1

5
255 187 255 4
255 127 0 5
238 238 0 2
238 238 0 1

238 238 0 1
238 238 0 1
0 245 255 1
238 238 0 1
255 106 106 1
255 187 255 5
255 20 147 2
255 187 255 1
255 106 106 2
255 187 255 4
255 127 0 7
78 238 148 1
0 0 128 3
0 0 128 5
238 173 14 7
255 106 106 1
255 106 106 3
238 173 14 5
0 0 128 4
238 173 14 1
255 20 147 1
78 238 148 1
255 106 106 1
255 187 255 3
255 127 0 6
255 187 255 1
255 187 255 5
255 20 147 4
255 127 0 8
238 173 14 5

238 173 14 1
238 173 14 1
78 238 148 1
255 187 255 1
255 187 255 1
238 173 14 4
255 20 147 1
255 127 0 1
255 106 106 1
255 187 255 2
238 173 14 1
255 127 0 5
0 139 69 1
255 106 106 5
0 0 128 1
255 187 255 2

238 173 14 1
238 173 14 1
78 238 148 1
255 187 255 1
255 187 255 1
238 173 14 1
238 238 0 1
238 173 14 6
238 173 14 1
238 173 14 4
238 238 0 1
255 187 255 1
255 127 0 1
255 20 147 1
238 238 0 7
255 187 255 1
255 127 0 4
255 20 147 6
0 0 128 7
0 139 69 2
255 127 0 1
255 106 106 3
78 238 148 6
255 20 147 2
255 127 0 7
0 139 69 1

0 139 69 1
255 127 0 1
255 20 147 1
78 238 148 1
255 106 106 1
255 127 0 6
255 20 147 1
78 238 148 5
255 106 106 2
255 127 0 1
0 139 69 1
0 0 128 6
255 20 147 5
255 127 0 3
255 187 255 1
238 238 0 6

0 139 69 1
255 127 0 1
255 20 147 1
78 238 148 1
255 106 106 1
255 127 0 1
255 20 147 1
78 238 148 1
255 106 106 1
255 127 0 5
0 139 69 1
78 238 148 4
255 106 106 1
255 127 0 1
255 187 255 1
0 0 128 5

0 0 128 1
255 187 255 1
255 127 0 1
255 106 106 1
0 0 128 4
0 139 69 1
255 127 0 1
255 106 106 1
78 238 148 3
255 20 147 1
255 127 0 4
255 106 106 1
78 238 148 1
255 20 147 1
255 127 0 1
0 139 69 1

255 106 106 1
255 106 106 1
255 106 106 1
0 139 69 1
255 127 0 1
255 127 0 1
255 127 0 1
255 127 0 1
255 187 255 1
0 139 69 1
255 127 0 3
255 20 147 1
0 0 128 1
0 0 128 1
78 238 148 1
78 238 148 1

78 238 148 1
78 238 148 1
0 0 128 1
0 0 128 1
255 20 147 1
255 127 0 1
0 139 69 1
255 187 255 1
255 127 0 1
255 127 0 2
255 127 0 1
255 127 0 1
0 139 69 1
255 106 106 1
255 106 106 1
255 106 106 1

11
238 173 14 4
238 173 14 4
255 187 255 6
255 127 0 5
255 187 255 3
255 187 255 4
0 245 255 8
0 245 255 4
255 127 0 8
238 238 0 6
238 173 14 2
238 238 0 1
0 139 69 2
0 245 255 5
238 238 0 7
255 187 255 4

255 187 255 1
238 238 0 1
0 245 255 1
0 139 69 1
255 187 255 3
238 238 0 6
0 245 255 4
0 139 69 1
0 245 255 1
238 173 14 1
238 238 0 5
255 127 0 7
0 245 255 3
0 245 255 7
255 187 255 3
255 187 255 2

255 187 255 1
255 187 255 1
0 245 255 1
0 245 255 1
255 187 255 1
255 187 255 2
0 245 255 6
0 245 255 2
255 127 0 6
238 238 0 4
238 238 0 1
255 187 255 1
0 139 69 1
0 245 255 3
238 238 0 5
255 187 255 2

255 187 255 1
255 187 255 1
0 245 255 1
0 245 255 1
255 187 255 1
255 187 255 1
0 245 255 1
0 245 255 1
255 127 0 1
255 187 255 1
0 245 255 5
0 245 255 1
255 127 0 5
238 238 0 3
238 238 0 1
255 187 255 1

0 245 255 1
0 245 255 1
0 245 255 1
255 187 255 1
0 245 255 1
0 245 255 1
0 245 255 1
238 238 0 1
255 187 255 1
255 187 255 1
0 245 255 4
238 238 0 1
255 187 255 1
255 187 255 1
255 127 0 1
238 238 0 2

255 187 255 1
238 238 0 1
238 238 0 1
238 238 0 1
0 245 255 1
0 245 255 1
0 245 255 1
238 238 0 1
0 245 255 1
0 245 255 1
0 245 255 3
255 187 255 1
0 245 255 1
0 245 255 1
255 187 255 1
255 187 255 1

255 187 255 1
238 238 0 1
238 238 0 1
238 238 0 1
0 245 255 1
0 245 255 1
0 245 255 1
238 238 0 1
0 245 255 1
0 245 255 1
0 245 255 1
255 187 255 1
0 245 255 1
0 245 255 1
0 245 255 2
255 187 255 1

12
238 238 0 3
238 173 14 4
0 245 255 3
0 139 69 1
0 0 128 3
78 238 148 2
255 127 0 6
255 187 255 6
238 173 14 6
0 0 128 4
238 173 14 7
78 238 148 6
0 0 128 5
238 238 0 8
255 187 255 3
0 0 128 2

0 139 69 1
255 187 255 1
78 238 148 1
0 0 128 1
0 245 255 1
255 187 255 5
78 238 148 5
0 0 128 1
0 245 255 2
255 127 0 5
238 173 14 6
255 187 255 2
238 173 14 3
78 238 148 1
0 0 128 3
238 238 0 7

0 139 69 1
255 187 255 1
78 238 148 1
0 0 128 1
0 245 255 1
255 187 255 1
78 238 148 1
0 0 128 1
0 245 255 1
255 187 255 4
78 238 148 4
255 187 255 1
0 245 255 1
255 127 0 4
238 173 14 5
255 187 255 1

0 139 69 1
255 187 255 1
78 238 148 1
0 0 128 1
0 245 255 1
255 187 255 1
78 238 148 1
0 0 128 1
0 245 255 1
255 187 255 1
78 238 148 1
255 187 255 1
0 245 255 1
255 187 255 3
78 238 148 3
255 187 255 1

0 0 128 1
0 0 128 1
255 187 255 1
255 187 255 1
78 238 148 1
78 238 148 1
78 238 148 1
78 238 148 1
255 187 255 1
255 187 255 1
255 187 255 1
78 238 148 2
0 139 69 1
0 245 255 1
0 245 255 1
255 187 255 2

13
0 139 69 5
0 139 69 2
0 0 128 8
238 238 0 4
0 0 128 6
0 139 69 7
0 0 128 1
78 238 148 6
0 245 255 1
0 139 69 2
255 20 147 5
255 106 106 1
255 187 255 7
0 245 255 7
78 238 148 3
255 106 106 5

255 106 106 1
78 238 148 1
0 245 255 1
255 187 255 1
255 106 106 4
78 238 148 2
0 245 255 6
255 187 255 6
78 238 148 1
255 20 147 4
0 139 69 1
0 0 128 1
78 238 148 5
0 0 128 1
0 139 69 6
0 0 128 5

0 0 128 1
0 139 69 1
0 0 128 1
78 238 148 1
0 0 128 4
0 139 69 5
255 20 147 1
78 238 148 4
255 187 255 1
0 245 255 1
255 20 147 3
255 106 106 1
255 187 255 5
0 245 255 5
78 238 148 1
255 106 106 3

78 238 148 1
78 238 148 1
255 106 106 1
255 106 106 1
0 0 128 1
78 238 148 3
255 20 147 1
255 106 106 2
255 20 147 3

78 238 148 1
78 238 148 1
255 106 106 1
255 106 106 1
0 0 128 1
78 238 148 1
255 20 147 1
255 106 106 1
0 139 69 1
78 238 148 2
255 20 147 1
255 106 106 1
238 173 14 1
255 187 255 1
0 245 255 1
0 245 255 1
255 127 0 1
255 187 255 4
238 173 14 1
0 245 255 3
0 0 128 1
255 106 106 3
238 173 14 2
238 238 0 1
0 245 255 1
0 0 128 5
78 238 148 2
238 238 0 3

0 245 255 1
0 245 255 1
238 238 0 1
238 238 0 1
0 245 255 1
0 245 255 2
238 173 14 1
238 238 0 2
255 187 255 1
255 187 255 1
238 173 14 1
78 238 148 1
255 127 0 1
255 187 255 3
255 106 106 2
0 0 128 4

15
238 173 14 3
0 0 128 1
238 238 0 3
0 139 69 6
0 245 255 8
238 173 14 8
255 20 147 6
255 106 106 1
0 245 255 4
255 187 255 8
0 139 69 4
255 106 106 8
255 187 255 4
255 187 255 4
0 0 128 4
255 127 0 3

0 139 69 1
255 106 106 1
255 106 106 1
255 127 0 1
0 139 69 5
255 20 147 1
255 106 106 7
255 127 0 2
238 238 0 2
255 20 147 5
0 139 69 3
0 0 128 3
238 173 14 1
238 173 14 7
255 187 255 7
255 187 255 3

255 127 0 1
255 127 0 1
0 0 128 1
255 187 255 1
255 106 106 1
255 127 0 1
0 0 128 2
255 187 255 2
255 106 106 1
255 106 106 6
0 139 69 2
255 187 255 6
0 139 69 1
0 139 69 1
255 20 147 4
238 173 14 6

238 173 14 1
238 238 0 1
238 173 14 5
255 20 147 3
255 106 106 1
255 106 106 1
255 187 255 5
0 139 69 1
255 106 106 5
255 106 106 1
255 187 255 1
0 0 128 1
255 127 0 1
255 127 0 1

0 139 69 1
255 106 106 1
255 106 106 1
255 127 0 1
0 139 69 1
255 106 106 1
255 106 106 1
255 127 0 1
255 20 147 1
255 20 147 1
255 106 106 4
0 0 128 1
238 173 14 1
255 20 147 2
255 187 255 1
255 187 255 1

255 187 255 1
255 187 255 1
255 20 147 1
238 173 14 1
238 173 14 3
255 127 0 1
0 0 128 3
238 173 14 3
78 238 148 1
238 238 0 1
255 127 0 4
255 127 0 5
78 238 148 5
238 238 0 1
255 127 0 6

0 139 69 1
0 139 69 1
255 127 0 1
255 127 0 1
255 106 106 1
0 139 69 1
255 127 0 3
255 127 0 5
255 187 255 1
255 106 106 6
78 238 148 1
78 238 148 1
78 238 148 1
255 187 255 1
238 173 14 1
78 238 148 4

0 139 69 1
0 139 69 1
255 127 0 1
255 127 0 1
255 106 106 1
0 139 69 1
255 127 0 1
255 127 0 1
255 187 255 1
255 106 106 1
255 127 0 2
255 127 0 4
78 238 148 1
255 106 106 5
238 173 14 1
78 238 148 1

78 238 148 1
238 173 14 1
255 106 106 1
78 238 148 1
255 127 0 1
255 127 0 1
255 106 106 4
255 187 255 1
255 127 0 3
255 127 0 1
0 139 69 1
255 106 106 1
255 127 0 1
255 127 0 1
0 139 69 1
0 139 69 1

0 139 69 1
0 139 69 1
255 127 0 1
255 127 0 1
255 106 106 1
0 139 69 1
255 127 0 1
255 127 0 1
255 187 255 1
255 106 106 1
255 127 0 1
255 127 0 2
78 238 148 1
255 106 106 3
238 173 14 1
78 238 148 1

255 127 0 1
255 127 0 1
255 127 0 1
78 238 148 1
255 127 0 1
255 127 0 1
255 127 0 1
238 173 14 1
0 139 69 1
0 139 69 1
255 106 106 1
255 106 106 1
0 139 69 1
255 106 106 1
255 187 255 1
255 106 106 2

17
255 20 147 2
0 139 69 2
255 106 106 4
0 245 255 7
255 106 106 4
78 238 148 3
0 245 255 8
0 139 69 6
0 245 255 1
238 173 14 5
255 187 255 1
255 106 106 1
238 238 0 8
0 245 255 3
0 0 128 8
0 0 128 5

0 245 255 1
0 139 69 1
255 106 106 1
0 0 128 1
0 245 255 6
0 139 69 5
255 187 255 1
0 0 128 4
255 106 106 3
0 245 255 7
238 173 14 1
0 0 128 7
0 139 69 1
78 238 148 2
238 173 14 4
0 245 255 2

0 245 255 1
0 139 69 1
255 106 106 1
0 0 128 1
0 245 255 1
0 139 69 1
255 187 255 1
0 0 128 1
0 245 255 5
0 139 69 4
238 173 14 1
238 173 14 2
255 127 0 5
238 173 14 1
0 0 128 6

0 0 128 1
238 173 14 1
0 245 255 1
255 106 106 1
0 0 128 5
238 173 14 1
238 173 14 2
255 106 106 1
238 238 0 1
238 173 14 4
0 0 128 2
255 187 255 1
0 139 69 3
0 245 255 4
0 0 128 1
255 106 106 1
0 139 69 1
0 245 255 1

255 106 106 1
255 106 106 1
0 245 255 1
0 245 255 1
0 245 255 1
0 245 255 1
0 245 255 3
0 139 69 1
238 173 14 1
0 245 255 4
0 139 69 2
255 106 106 1
0 0 128 1
0 0 128 1
0 0 128 1
0 0 128 1

255 106 106 1
255 106 106 1
0 245 255 1
0 245 255 1
0 245 255 1
0 245 255 1
0 245 255 1
0 139 69 1
238 173 14 1
0 245 255 1
0 245 255 2
255 106 106 1
0 0 128 1
0 245 255 3
0 139 69 1
0 0 128 1

18
255 187 255 8
78 238 148 1
255 20 147 2
0 0 128 3
78 238 148 3
238 238 0 3
255 187 255 1
255 127 0 4
0 0 128 6
238 173 14 1
238 238 0 6
0 139 69 5
238 173 14 7
255 187 255 5
255 106 106 1
78 238 148 3

0 0 128 1
255 127 0 1
0 139 69 1
78 238 148 1
0 0 128 2
255 127 0 3
0 139 69 4
78 238 148 2
255 20 147 1
238 238 0 1
238 238 0 5
255 187 255 1
255 187 255 1
238 238 0 2
0 0 128 1
255 187 255 4

255 187 255 1
0 0 128 1
238 238 0 1
255 187 255 1
255 187 255 3
238 238 0 1
238 238 0 1
255 20 147 1
78 238 148 1
238 238 0 4
255 127 0 1
0 0 128 1
78 238 148 1
0 139 69 3
255 127 0 2
0 0 128 1

255 187 255 1
0 0 128 1
238 238 0 1
255 187 255 1
255 187 255 1
238 238 0 1
238 238 0 1
255 20 147 1
255 187 255 2
238 238 0 1
255 127 0 1
0 0 128 1
78 238 148 1
238 238 0 3
255 127 0 1
0 0 128 1

255 187 255 1
255 20 147 1
0 0 128 1
0 0 128 1
238 238 0 1
238 238 0 1
255 127 0 1
255 127 0 1
0 0 128 1
238 238 0 1
238 238 0 1
238 238 0 1
255 187 255 1
255 187 255 1
255 187 255 1
238 238 0 2

19
238 173 14 3
0 139 69 4
255 20 147 8
78 238 148 1
0 139 69 2
0 245 255 3
78 238 148 4
238 238 0 4
255 106 106 8
0 245 255 6
238 238 0 6
255 187 255 2
255 106 106 5
255 127 0 2
238 173 14 1
78 238 148 8

238 173 14 1
255 127 0 1
238 173 14 1
0 139 69 1
255 20 147 1
78 238 148 1
238 173 14 1
0 139 69 1
255 20 147 1
238 238 0 1
238 173 14 1
255 127 0 4
255 106 106 1
0 245 255 1
78 238 148 2
238 238 0 2

78 238 148 1
238 238 0 1
238 238 0 1
238 238 0 1
255 20 147 1
255 20 147 1
255 20 147 1
238 238 0 1
0 139 69 1
0 139 69 1
255 20 147 5
78 238 148 1
238 173 14 1
238 173 14 1
0 139 69 1
255 106 106 1

255 127 0 1
255 127 0 1
255 127 0 1
238 173 14 1
78 238 148 1
255 20 147 1
0 139 69 1
238 173 14 1

238 173 14 1
255 127 0 3
238 173 14 1
255 20 147 1
255 20 147 1
238 238 0 1
0 139 69 1
255 20 147 3
255 20 147 1
238 238 0 1
255 106 106 1
78 238 148 1
238 238 0 1
238 238 0 1

78 238 148 1
238 238 0 1
238 238 0 1
238 238 0 1
255 20 147 1
255 20 147 1
255 20 147 1
238 238 0 1
0 139 69 1
255 20 147 1
255 20 147 1
78 238 148 1
238 173 14 1
238 173 14 1
255 20 147 2
255 106 106 1

20
0 245 255 1
0 0 128 8
238 173 14 2
238 238 0 4
238 173 14 6
0 245 255 8
0 139 69 7
0 245 255 7
255 106 106 6
255 106 106 6
255 106 106 3
255 20 147 3
238 173 14 3
255 106 106 4
78 238 148 6
255 106 106 4

0 245 255 1
0 0 128 1
238 173 14 1
238 238 0 1
238 173 14 1
255 187 255 1
238 173 14 1
238 238 0 3
238 173 14 5
0 245 255 7
0 139 69 6
0 245 255 6
255 106 106 5
255 106 106 5
255 106 106 2
255 20 147 2

238 238 0 1
238 238 0 1
0 245 255 1
255 20 147 1
238 173 14 1
238 238 0 2
0 245 255 5
255 20 147 1
0 0 128 1
0 0 128 1
0 139 69 5
255 106 106 1
0 245 255 1
0 0 128 6
0 245 255 6
255 106 106 4

255 106 106 1
0 245 255 1
0 0 128 1
0 245 255 1
255 106 106 3
0 245 255 5
0 0 128 5
0 0 128 1
255 20 147 1
0 139 69 4
238 238 0 1
238 173 14 1
255 187 255 1
238 173 14 1
255 20 147 1
0 139 69 3
238 238 0 1
238 238 0 1

255 106 106 1
0 245 255 1
0 0 128 1
0 245 255 1
255 106 106 1
0 245 255 1
0 0 128 1
0 0 128 1
255 106 106 1
0 245 255 1
0 0 128 1
238 173 14 1
255 106 106 1
0 245 255 3
0 0 128 3
238 238 0 1

0 245 255 1
0 0 128 1
238 173 14 1
238 238 0 1
0 0 128 1
0 0 128 1
0 0 128 1
0 0 128 1
0 245 255 1
0 245 255 1
0 245 255 1
0 0 128 2
255 106 106 1
255 106 106 1
255 106 106 1
0 245 255 2

21
255 127 0 4
0 245 255 3
255 106 106 8
255 106 106 2
238 173 14 5
255 20 147 8
238 238 0 2
0 0 128 8
78 238 148 8
78 238 148 3
238 238 0 2
238 238 0 8
255 127 0 1
238 238 0 2
78 238 148 7
255 106 106 2

255 106 106 1
0 0 128 1
238 238 0 1
255 106 106 1
255 106 106 1
0 0 128 7
238 238 0 7
255 106 106 1
255 106 106 7
238 238 0 1
238 238 0 1
78 238 148 6
0 245 255 2
255 20 147 7
78 238 148 2
238 238 0 1

238 238 0 1
78 238 148 1
255 20 147 1
0 245 255 1
78 238 148 1
78 238 148 1
255 20 147 6
0 245 255 1
78 238 148 5
238 238 0 1
0 0 128 1
255 106 106 6
255 106 106 1
238 238 0 6
0 0 128 6
255 106 106 1

238 238 0 1
78 238 148 1
255 20 147 1
0 245 255 1
78 238 148 1
78 238 148 1
255 20 147 1
0 245 255 1
78 238 148 1
238 238 0 1
255 20 147 5
255 106 106 1
78 238 148 4
238 238 0 1
0 0 128 1
255 106 106 5

238 238 0 1
78 238 148 1
255 20 147 1
0 245 255 1
78 238 148 1
78 238 148 1
255 20 147 1
0 245 255 1
78 238 148 1
238 238 0 1
255 20 147 1
255 106 106 1
78 238 148 1
238 238 0 1
255 20 147 4
255 106 106 1

22
238 238 0 3
0 139 69 4
78 238 148 6
255 127 0 5
255 187 255 5
78 238 148 1
0 0 128 4
0 0 128 8
238 238 0 6
0 0 128 4
255 127 0 5
255 20 147 8
0 245 255 5
0 139 69 2
238 173 14 2
0 0 128 2

0 0 128 1
238 173 14 1
0 139 69 1
0 245 255 1
0 0 128 1
238 173 14 1
0 139 69 1
0 245 255 4
255 20 147 7
255 127 0 4
0 0 128 3
238 238 0 5
0 0 128 7
0 0 128 3
0 139 69 1
255 187 255 4

0 0 128 1
238 173 14 1
0 139 69 1
0 245 255 1
0 0 128 1
238 173 14 1
0 139 69 1
0 245 255 1
255 20 147 1
255 127 0 1
0 0 128 1
0 245 255 3
255 20 147 6
255 127 0 3
0 0 128 2
238 238 0 4

238 238 0 1
0 0 128 1
255 127 0 1
255 20 147 1
238 238 0 3
0 0 128 1
255 127 0 2
255 20 147 5
0 245 255 2
0 139 69 1
238 173 14 1
0 0 128 1
0 245 255 1
0 139 69 1
238 173 14 1
0 0 128 1

0 0 128 1
238 173 14 1
0 139 69 1
0 245 255 1
0 0 128 1
238 173 14 1
0 139 69 1
0 245 255 1
255 20 147 1
255 127 0 1
0 0 128 1
0 245 255 1
255 20 147 4
255 127 0 1
0 0 128 1
238 238 0 2

0 245 255 1
0 245 255 1
0 245 255 1
238 238 0 1
0 139 69 1
0 139 69 1
0 0 128 1
238 238 0 1
238 173 14 1
238 173 14 1
255 127 0 1
255 127 0 1
0 0 128 1
0 0 128 1
255 20 147 1
255 20 147 1
23
0 245 255 1
0 139 69 4
0 245 255 5
255 187 255 3
238 238 0 2
255 20 147 8
238 173 14 6
238 238 0 6
255 187 255 8
255 20 147 1
0 0 128 4
0 245 255 3
255 187 255 4
0 0 128 2
255 127 0 4
78 238 148 3

255 187 255 1
238 238 0 1
0 245 255 1
78 238 148 1
255 187 255 2
238 238 0 5
0 245 255 2
78 238 148 2
0 245 255 4
238 173 14 5
0 0 128 3
255 127 0 3
0 139 69 3
255 20 147 7
255 187 255 1
0 0 128 1

78 238 148 1
78 238 148 1
255 127 0 1
0 0 128 1
0 245 255 1
78 238 148 1
255 127 0 2
255 187 255 1
238 238 0 1
0 245 255 1
0 0 128 2
255 20 147 1
255 187 255 1
238 238 0 4
238 173 14 4
255 20 147 6

78 238 148 1
78 238 148 1
255 127 0 1
0 0 128 1
0 245 255 1
78 238 148 1
255 127 0 1
255 187 255 1
238 238 0 1
0 245 255 1
255 127 0 1
255 20 147 1
255 187 255 1
238 238 0 1
0 0 128 1
255 20 147 1
24
0 0 128 3
255 20 147 5
78 238 148 5
255 106 106 2
0 0 128 5
0 0 128 6
0 139 69 3
255 106 106 2
0 139 69 7
255 106 106 3
255 187 255 7
0 245 255 2
238 173 14 7
238 173 14 5
255 127 0 8
255 187 255 7

255 187 255 1
255 127 0 1
238 173 14 1
238 173 14 1
255 187 255 6
255 127 0 7
238 173 14 4
238 173 14 6
0 245 255 1
255 187 255 6
255 106 106 2
0 139 69 6
255 106 106 1
0 139 69 2
0 0 128 5
0 0 128 4

0 0 128 1
0 0 128 1
0 139 69 1
255 106 106 1
0 0 128 3
0 0 128 4
0 139 69 1
0 245 255 1
0 139 69 5
255 106 106 1
255 187 255 5
255 187 255 1
238 173 14 5
238 173 14 3
255 127 0 6
255 187 255 5

0 0 128 1
0 0 128 1
0 139 69 1
255 106 106 1
0 0 128 1
0 0 128 1
0 139 69 1
0 245 255 1
0 0 128 2
0 0 128 3
255 187 255 1
255 187 255 1
0 139 69 4
238 173 14 1
255 187 255 4
255 187 255 1

0 0 128 1
0 0 128 1
0 139 69 1
255 106 106 1
0 0 128 1
0 0 128 1
0 139 69 1
0 245 255 1
0 0 128 1
0 0 128 1
255 187 255 1
255 187 255 1
0 0 128 1
0 0 128 2
255 187 255 1
255 187 255 1

255 106 106 1
0 245 255 1
255 187 255 1
255 187 255 1
0 139 69 1
0 139 69 1
255 187 255 1
255 187 255 1
0 0 128 1
0 0 128 1
0 0 128 1
0 0 128 1
0 0 128 1
0 0 128 1
0 0 128 1
0 0 128 1
25
255 20 147 7
78 238 148 7
255 127 0 2
0 245 255 5
255 187 255 1
238 238 0 5
255 187 255 7
0 139 69 1
238 238 0 3
255 187 255 3
0 245 255 1
238 173 14 5
238 238 0 1
0 0 128 3
0 245 255 6
78 238 148 3

78 238 148 1
0 245 255 1
0 0 128 1
238 238 0 1
78 238 148 2
0 245 255 5
0 0 128 2
238 238 0 1
238 173 14 4
255 187 255 1
255 187 255 2
238 238 0 2
0 245 255 1
255 187 255 6
238 238 0 4
255 20 147 1

255 20 147 1
238 238 0 1
255 187 255 1
0 245 255 1
238 238 0 1
238 238 0 3
255 187 255 5
238 173 14 1
238 238 0 1
255 187 255 1
0 245 255 1
238 173 14 3
238 238 0 1
0 0 128 1
0 245 255 4
78 238 148 1

0 245 255 1
238 173 14 1
238 173 14 1
78 238 148 1
255 187 255 1
255 187 255 1
238 173 14 2
0 245 255 1
238 238 0 1
255 187 255 4
255 187 255 1
0 245 255 3
255 20 147 1
238 238 0 2
238 238 0 1
238 238 0 1

0 245 255 1
238 173 14 1
238 173 14 1
255 127 0 1
238 173 14 1
0 245 255 1
238 238 0 1
255 187 255 1
238 173 14 1
0 245 255 1
255 20 147 1
255 187 255 3
238 238 0 1
0 245 255 2

78 238 148 1
0 245 255 1
0 245 255 1
0 245 255 1
238 173 14 1
255 127 0 1
255 127 0 1
255 127 0 1

6
0 139 69 8
78 238 148 1
78 238 148 6
0 245 255 1
78 238 148 1
238 173 14 7
0 245 255 5
238 238 0 6
78 238 148 5
78 238 148 7
238 238 0 3
255 20 147 1
0 245 255 8
238 173 14 8
238 173 14 1
255 187 255 3
238 238 0 5
0 245 255 4

0 0 128 1
255 20 147 1
255 20 147 1
0 245 255 1
0 0 128 1
0 0 128 1
255 20 147 4
0 245 255 3
0 245 255 1
0 0 128 1
78 238 148 6
238 238 0 4
0 139 69 1
0 245 255 3
0 245 255 2
255 187 255 2

0 245 255 1
0 245 255 1
238 238 0 1
255 187 255 1
255 20 147 1
0 245 255 2
238 238 0 3
255 187 255 1
255 20 147 1
255 20 147 3
78 238 148 5
0 245 255 1
0 0 128 1
238 173 14 1
238 173 14 1
255 187 255 1
255 20 147 1
238 238 0 1
238 173 14 7
0 245 255 7
238 238 0 1
78 238 148 1
0 245 255 1
0 245 255 1
238 238 0 2
78 238 148 6
78 238 148 4
238 238 0 5
238 173 14 6
0 139 69 1

0 139 69 1
238 173 14 1
238 238 0 1
238 238 0 1
78 238 148 1
0 245 255 1
0 245 255 1
238 238 0 1
78 238 148 1
238 173 14 5
238 238 0 4
78 238 148 3
78 238 148 5
238 238 0 1
255 20 147 1
0 245 255 6
238 173 14 6
238 173 14 1
0 0 128 1
78 238 148 2
238 238 0 1
0 245 255 1
0 245 255 1
78 238 148 1
238 238 0 1
238 238 0 1
0 245 255 1
0 245 255 1
255 187 255 1
255 187 255 1

0 0 128 1
78 238 148 1
238 238 0 1
0 245 255 1
0 0 128 1
78 238 148 1
238 238 0 1
0 245 255 1
0 245 255 1
78 238 148 1
238 238 0 1
238 238 0 1
0 245 255 1
0 245 255 1
255 187 255 1
255 187 255 1
27
255 20 147 8
0 245 255 2
0 139 69 5
255 127 0 6
0 139 69 3
0 0 128 3
255 106 106 3
0 0 128 6
0 245 255 6
238 238 0 8
255 20 147 8
0 0 128 5
255 127 0 6
255 20 147 5
255 20 147 4
255 20 147 3

255 20 147 1
0 245 255 1
0 139 69 1
255 127 0 1
255 20 147 7
0 245 255 1
0 139 69 4
255 127 0 5
0 139 69 2
0 0 128 2
255 106 106 2
0 0 128 5
0 245 255 5
238 238 0 7
255 20 147 7
0 0 128 4

255 127 0 1
255 127 0 1
0 0 128 1
238 173 14 1
238 173 14 1
0 245 255 1
0 139 69 3
255 106 106 1
255 20 147 6
255 20 147 1
255 20 147 1
0 0 128 1
238 238 0 6

238 238 0 1
238 173 14 5
0 245 255 5
238 238 0 1
238 173 14 1
78 238 148 4
78 238 148 2
238 238 0 3
238 173 14 4
0 139 69 1
0 245 255 1
255 20 147 3
0 0 128 1
255 127 0 1
0 139 69 1
0 0 128 1
0 0 128 1
255 127 0 1
255 127 0 1

255 187 255 1
0 0 128 1
238 173 14 1
238 173 14 1
0 245 255 1
255 20 147 1
255 20 147 1
238 238 0 1
238 173 14 1
0 245 255 1
238 238 0 2
0 0 128 1
255 127 0 1
0 139 69 1
255 20 147 2
0 0 128 1
255 127 0 1
255 127 0 1

255 20 147 1
0 245 255 1
0 139 69 1
255 127 0 1
255 20 147 1
0 139 69 1
255 127 0 1
255 127 0 1
0 0 128 1
255 106 106 1
0 0 128 1
0 0 128 1
238 238 0 1
238 238 0 1
238 238 0 1
255 20 147 1

29
238 173 14 1
238 173 14 4
0 245 255 4
238 238 0 1
238 173 14 1
0 0 128 1
255 106 106 1
238 173 14 1
0 139 69 1
0 0 128 7
255 106 106 5
238 173 14 4
78 238 148 1
255 127 0 2
0 245 255 1
78 238 148 3
255 106 106 1
238 173 14 7
0 245 255 3
255 127 0 1

238 173 14 1
238 173 14 1
78 238 148 1
255 127 0 1
255 106 106 1
238 173 14 3
78 238 148 2
0 245 255 1
0 0 128 1
255 106 106 4
255 127 0 1
0 245 255 2
238 173 14 1
0 0 128 6
255 127 0 1
238 173 14 6

238 173 14 1
255 127 0 1
0 0 128 1
238 173 14 1
238 173 14 5
255 127 0 1
0 0 128 5
0 0 128 1
0 245 255 1
78 238 148 1
255 106 106 3
255 106 106 1
255 127 0 1
78 238 148 1
238 173 14 2
238 173 14 1

238 173 14 1
0 0 128 1
255 106 106 1
238 173 14 1
0 0 128 1
0 0 128 1
255 106 106 1
238 173 14 1
255 127 0 1
0 0 128 4
255 106 106 2
238 173 14 1
238 173 14 1
238 173 14 1
0 245 255 1
255 127 0 1

238 173 14 1
0 0 128 1
255 106 106 1
238 173 14 1
0 0 128 1
0 0 128 1
255 106 106 1
238 173 14 1
255 127 0 1
0 0 128 1
255 106 106 1
238 173 14 1
238 173 14 1
0 0 128 3
255 106 106 1
255 127 0 1

255 127 0 1
255 106 106 1
0 0 128 1
238 173 14 1
238 173 14 1
255 106 106 1
0 0 128 2
255 127 0 1
238 173 14 1
255 106 106 1
0 0 128 1
0 0 128 1
238 173 14 1
255 106 106 1
0 0 128 1
238 173 14 1

255 127 0 1
255 106 106 1
0 0 128 1
238 173 14 1
238 173 14 1
255 106 106 1
0 0 128 1
255 127 0 1
238 173 14 1
255 106 106 1
0 0 128 1
0 0 128 1
238 173 14 1
255 106 106 1
0 0 128 1
238 173 14 1

30
255 187 255 4
255 187 255 1
0 0 128 8
0 139 69 3
238 173 14 1
0 245 255 3
238 173 14 1
238 238 0 1
255 106 106 5
255 127 0 6
255 20 147 4
0 139 69 3
255 127 0 3
255 127 0 6
0 0 128 7
0 245 255 1
78 238 148 2
238 173 14 1
0 139 69 2
0 0 128 1
0 0 128 7
0 245 255 1
255 20 147 3
0 0 128 6
255 187 255 1
0 245 255 2
255 127 0 5
255 127 0 5

0 245 255 1
0 0 128 1
0 0 128 1
255 127 0 1
0 139 69 1
0 139 69 1
0 0 128 5
255 127 0 4
238 238 0 1
0 245 255 3
238 173 14 3
238 238 0 1
0 139 69 1
0 0 128 4
255 127 0 3
0 139 69 1
0 139 69 1
255 20 147 1
255 127 0 3

255 127 0 1
255 127 0 1
255 127 0 1
255 127 0 1
0 0 128 1
0 0 128 1
255 127 0 2
255 127 0 2
0 0 128 1
0 139 69 1
0 0 128 3
0 139 69 1
0 245 255 1
0 139 69 1
238 238 0 1
0 139 69 1

255 127 0 1
255 127 0 1
0 139 69 1
0 139 69 1
255 127 0 1
255 127 0 1
0 0 128 1
238 238 0 1
255 127 0 1
255 127 0 1
0 0 128 2
0 139 69 1
255 127 0 1
0 0 128 1
0 0 128 1
0 245 255 1

255 127 0 1
255 127 0 1
0 139 69 1
0 139 69 1
255 127 0 1
255 127 0 1
0 0 128 1
238 238 0 1
255 127 0 1
255 127 0 1
0 0 128 1
0 139 69 1
255 127 0 1
0 0 128 1
0 0 128 1
0 245 255 1

31
78 238 148 4
238 173 14 8
78 238 148 1
255 187 255 2
255 106 106 4
238 173 14 2
255 106 106 4
78 238 148 7
78 238 148 3
238 173 14 1
78 238 148 1
255 20 147 3
255 106 106 5
238 173 14 2
0 139 69 2
238 238 0 7

238 238 0 1
0 139 69 1
238 173 14 1
255 106 106 1
238 238 0 6
0 139 69 1
238 173 14 1
255 106 106 4
255 20 147 2
255 106 106 1
238 173 14 1
78 238 148 2
78 238 148 6
255 106 106 3
238 173 14 1
255 106 106 3

255 106 106 1
238 173 14 1
255 106 106 1
78 238 148 1
255 106 106 2
238 173 14 1
255 106 106 2
78 238 148 5
78 238 148 1
238 173 14 1
0 139 69 1
255 20 147 1
255 106 106 3
238 173 14 1
0 0 128 1
255 187 255 1

255 106 106 1
238 173 14 1
255 106 106 1
78 238 148 1
255 106 106 1
238 173 14 1
255 106 106 1
78 238 148 1
255 106 106 1
238 173 14 1
255 106 106 1
78 238 148 4
255 106 106 1
238 173 14 1
0 139 69 1
238 238 0 1

238 238 0 1
0 245 255 1
78 238 148 1
255 106 106 1
238 173 14 1
255 106 106 1
78 238 148 2
255 106 106 1
238 173 14 1
0 139 69 1
238 238 0 1

238 238 0 1
0 139 69 1
238 173 14 1
255 106 106 1
78 238 148 1
255 106 106 1
238 173 14 1
255 106 106 1
78 238 148 1
255 106 106 1
238 173 14 1
255 106 106 1
78 238 148 1
255 106 106 1
238 173 14 1
255 106 106 1

32
238 173 14 5
0 0 128 4
0 0 128 4
0 139 69 3
238 173 14 8
255 20 147 3
0 245 255 6
78 238 148 7
0 245 255 3
255 106 106 7
0 245 255 1
255 106 106 7
255 106 106 2
255 20 147 3
0 0 128 8
255 187 255 1

0 139 69 1
78 238 148 1
255 106 106 1
255 187 255 1
0 139 69 2
78 238 148 6
255 106 106 6
0 0 128 1
0 0 128 3
0 245 255 5
255 106 106 1
0 0 128 7
0 0 128 3
255 20 147 2
255 106 106 6
255 20 147 2

0 139 69 1
78 238 148 1
255 106 106 1
255 187 255 1
0 139 69 1
78 238 148 1
255 106 106 1
0 0 128 1
0 139 69 1
78 238 148 5
255 106 106 5
0 0 128 1
0 0 128 2
0 245 255 4
255 106 106 1
0 0 128 6

0 139 69 1
78 238 148 1
255 106 106 1
255 187 255 1
0 139 69 1
78 238 148 1
255 106 106 1
0 0 128 1
0 139 69 1
78 238 148 1
255 106 106 1
0 0 128 1
0 0 128 1
78 238 148 4
255 106 106 4
0 0 128 1

0 139 69 1
78 238 148 1
255 106 106 1
255 187 255 1
0 139 69 1
78 238 148 1
255 106 106 1
0 0 128 1
0 139 69 1
78 238 148 1
255 106 106 1
0 0 128 1
0 0 128 1
78 238 148 1
238 238 0 1
255 20 147 1
0 245 255 2
255 127 0 2
78 238 148 3
255 127 0 6
238 173 14 5
255 187 255 4
0 139 69 3
255 127 0 4

255 127 0 1
0 139 69 1
255 187 255 1
238 173 14 1
255 127 0 3
0 139 69 2
255 187 255 3
238 173 14 4
255 127 0 5
78 238 148 2
255 127 0 1
0 245 255 1
255 187 255 7
238 238 0 4
255 106 106 2
0 139 69 1

255 127 0 1
0 139 69 1
255 187 255 1
238 173 14 1
255 127 0 1
0 139 69 1
255 187 255 1
238 173 14 1
255 127 0 2
0 139 69 1
255 187 255 2
238 173 14 3
255 127 0 4
78 238 148 1
255 106 106 1
0 139 69 1

0 139 69 1
255 106 106 1
78 238 148 1
255 127 0 1
238 173 14 1
255 187 255 1
0 139 69 1
255 127 0 3
238 173 14 2
255 187 255 1
0 139 69 1
255 127 0 1
238 173 14 1
0 0 128 1
255 187 255 1
0 139 69 1
255 127 0 1

255 127 0 1
255 127 0 1
255 127 0 1
255 127 0 1
78 238 148 1
255 127 0 2
0 139 69 1
0 139 69 1
255 106 106 1
255 187 255 1
255 187 255 1
255 187 255 1
0 139 69 1
238 173 14 1
238 173 14 1
238 173 14 1

238 173 14 1
238 173 14 1
238 173 14 1
0 139 69 1
255 187 255 1
255 187 255 1
255 187 255 1
255 106 106 1
0 139 69 1
0 139 69 1
255 127 0 1
78 238 148 1
255 127 0 1
255 127 0 1
255 127 0 1
255 127 0 1

34
0 0 128 3
255 187 255 1
255 106 106 6
0 0 128 2
255 20 147 1
255 127 0 3
78 238 148 7
255 106 106 4
0 0 128 5
238 238 0 7
255 187 255 5
0 139 69 7
0 0 128 2
255 187 255 2
238 238 0 6
0 245 255 3

0 0 128 1
255 187 255 1
255 106 106 1
0 0 128 1
0 0 128 2
255 127 0 1
255 106 106 5
0 0 128 1
0 0 128 1
255 127 0 2
78 238 148 6
255 106 106 3
0 0 128 4
238 238 0 6
255 187 255 4
0 139 69 6

0 0 128 1
0 0 128 1
255 106 106 1
0 139 69 1
255 106 106 1
255 106 106 1
255 106 106 2
0 139 69 5
255 187 255 1
255 106 106 4
78 238 148 5
255 187 255 3
0 0 128 1
0 0 128 1
255 127 0 1
238 238 0 5

0 139 69 1
0 139 69 1
255 187 255 1
238 238 0 1
255 106 106 1
0 139 69 4
255 187 255 2
238 238 0 4
0 0 128 1
255 106 106 1
78 238 148 4
0 0 128 1
0 0 128 1
255 106 106 1
255 106 106 3
0 0 128 1

238 238 0 1
238 238 0 1
0 245 255 1
78 238 148 1
238 173 14 1
238 238 0 1
0 245 255 1
78 238 148 1
238 238 0 1
238 238 0 1

35
255 20 147 2
255 187 255 2
0 139 69 8
0 245 255 2
255 127 0 3
255 187 255 6
255 20 147 5
0 0 128 2
0 139 69 8
0 245 255 2
0 0 128 1
255 20 147 3
238 238 0 5
255 187 255 5
255 187 255 2
0 245 255 3

255 20 147 1
255 187 255 1
0 139 69 1
0 245 255 1
255 20 147 1
255 187 255 1
0 139 69 7
0 245 255 1
255 127 0 2
255 187 255 5
255 20 147 4
0 0 128 1
0 139 69 7
0 245 255 1
255 187 255 1
255 20 147 2

255 20 147 1
255 187 255 1
0 139 69 1
0 245 255 1
255 20 147 1
255 187 255 1
0 139 69 1
0 245 255 1
255 127 0 1
255 187 255 1
0 139 69 6
0 0 128 1
255 127 0 1
255 187 255 4
255 20 147 3
255 20 147 1

0 245 255 1
0 245 255 1
0 0 128 1
255 20 147 1
0 139 69 1
0 139 69 1
0 139 69 1
255 20 147 1
255 187 255 1
255 187 255 1
0 139 69 5
255 20 147 2
255 20 147 1
255 20 147 1
255 127 0 1
255 187 255 3

0 245 255 1
0 245 255 1
0 0 128 1
255 20 147 1
0 139 69 1
0 139 69 1
0 139 69 1
255 20 147 1
255 187 255 1
255 187 255 1
0 139 69 1
255 20 147 1
255 20 147 1
255 20 147 1
0 139 69 4
255 20 147 1

255 20 147 1
0 139 69 1
255 20 147 1
255 20 147 1
255 20 147 1
0 139 69 3
255 187 255 1
255 187 255 1
255 20 147 1
0 139 69 1
0 139 69 1
0 139 69 1
255 20 147 1
0 0 128 1
0 245 255 1
0 245 255 1

0 245 255 1
0 245 255 1
238 173 14 1
238 173 14 1
0 0 128 1
0 245 255 1
0 245 255 1

7
252 144 50 4
34 139 34 5
64 224 208 8
75 0 130 6
75 0 130 4
34 139 34 4
34 139 34 3
34 139 34 6
255 20 147 6
255 20 147 7
252 144 50 2
252 144 50 3
235 29 29 5
235 29 29 2
34 139 34 5
34 139 34 1

75 0 130 1
34 139 34 1
252 144 50 1
34 139 34 1
75 0 130 5
34 139 34 5
252 144 50 2
34 139 34 1
64 224 208 7
34 139 34 2
252 144 50 1
34 139 34 4
34 139 34 4
34 139 34 3
255 20 147 6
235 29 29 1

235 29 29 1
255 20 147 1
34 139 34 1
34 139 34 1
34 139 34 1
255 20 147 5
34 139 34 2
34 139 34 3
34 139 34 3
252 144 50 1
34 139 34 1
64 224 208 6
34 139 34 1
252 144 50 1
34 139 34 4
75 0 130 4

34 139 34 1
34 139 34 1
64 224 208 1
75 0 130 1
34 139 34 1
34 139 34 2
64 224 208 5
75 0 130 3
255 20 147 1
34 139 34 1
252 144 50 1
34 139 34 3
235 29 29 1
255 20 147 4
34 139 34 1
34 139 34 1

34 139 34 1
34 139 34 1
255 20 147 1
235 29 29 1
34 139 34 1
252 144 50 1
255 20 147 3
238 238 0 5
0 245 255 8
255 20 147 5
0 245 255 5
0 245 255 5

255 187 255 1
255 20 147 1
34 139 34 2
64 224 208 1
34 139 34 1
34 139 34 1
75 0 130 2
64 224 208 4
34 139 34 1
34 139 34 1

34 139 34 1
34 139 34 1
64 224 208 1
75 0 130 1
34 139 34 1
34 139 34 1
64 224 208 3
75 0 130 1
255 20 147 1
238 238 0 3
255 20 147 1
252 144 50 1
34 139 34 1
235 29 29 1
255 20 147 2
34 139 34 1
34 139 34 1

34 139 34 1
34 139 34 1
64 224 208 1
75 0 130 1
34 139 34 1
34 139 34 1
64 224 208 1
75 0 130 1
255 20 147 1
255 20 147 1
64 224 208 2
34 139 34 1
235 29 29 1
255 20 147 1
34 139 34 1
34 139 34 1

34 139 34 1
34 139 34 1
64 224 208 1
75 0 130 1
34 139 34 1
34 139 34 1
64 224 208 1
75 0 130 1
255 20 147 1
255 106 106 1
0 245 255 1
238 238 0 1
255 20 147 1
64 224 208 1
34 139 34 1
235 29 29 1
255 20 147 1
64 224 208 1
34 139 34 1

36
238 238 0 7
0 245 255 8
255 20 147 5
78 238 148 2
255 106 106 6
0 139 69 1
238 238 0 7
255 187 255 3
238 238 0 5
255 20 147 8
78 238 148 6
78 238 148 4
255 127 0 4
0 139 69 6
255 187 255 5
238 238 0 7

238 238 0 1
255 187 255 1
0 139 69 1
255 127 0 1
238 238 0 6
255 187 255 4
0 139 69 5
255 127 0 3
78 238 148 3
78 238 148 5
255 20 147 7
238 238 0 4
255 187 255 2
238 238 0 6
0 245 255 1
255 106 106 5

255 106 106 1
0 245 255 1
238 238 0 1
255 187 255 1
255 106 106 4
255 20 147 1
238 238 0 5
255 187 255 1
238 238 0 3
255 20 147 6
78 238 148 4
78 238 148 2
255 127 0 2
0 139 69 4
255 187 255 3
238 238 0 5

255 106 106 1
0 245 255 1
238 238 0 1
255 187 255 1
255 106 106 1
255 20 147 1
238 238 0 1
255 187 255 1
255 106 106 3
255 20 147 1
238 238 0 4
78 238 148 1
238 238 0 2
255 20 147 5
78 238 148 3
78 238 148 1

255 187 255 1
255 187 255 1
78 238 148 1
78 238 148 1
238 238 0 1
238 238 0 1
238 238 0 1
78 238 148 1
0 245 255 1
255 20 147 1
238 238 0 3
78 238 148 2
255 106 106 1
255 106 106 1
255 106 106 1
255 20 147 4

78 238 148 1
78 238 148 1
78 238 148 1
255 20 147 1
78 238 148 1
238 238 0 1
78 238 148 1
255 20 147 3
255 187 255 1
238 238 0 1
238 238 0 2
255 106 106 1
255 187 255 1
238 238 0 1
0 245 255 1
255 106 106 1

255 20 147 1
255 20 147 1
255 106 106 1
255 106 106 1
78 238 148 1
255 20 147 2
238 238 0 1
0 245 255 1
78 238 148 1
238 238 0 1
238 238 0 1
238 238 0 1
78 238 148 1
78 238 148 1
255 187 255 1
255 187 255 1

255 187 255 1
255 187 255 1
78 238 148 1
78 238 148 1
238 238 0 1
238 238 0 1
238 238 0 1
78 238 148 1
0 245 255 1
238 238 0 1
255 20 147 1
78 238 148 1
255 106 106 1
255 106 106 1
255 20 147 1
255 20 147 1

