252 144 50 2
0 0 255 4
255 20 147 7
0 0 255 5
252 144 50 2
0 0 255 5
115 74 18 7
64 224 208 7
64 224 208 3
252 144 50 1
0 0 255 2
115 74 18 2
252 224 203 2
252 224 203 4
255 20 147 2
34 139 34 4

235 29 29 2
255 255 0 4
75 0 130 7
128 0 128 5
115 74 18 2
252 224 203 5
128 0 128 7
0 0 255 7
34 139 34 3
255 255 0 1
235 29 29 2
34 139 34 2
0 0 255 2
75 0 130 4
75 0 130 2
252 224 203 4

235 29 29 2
34 139 34 4
75 0 130 7
255 20 147 5
252 224 203 2
255 20 147 5
128 0 128 7
0 0 255 7
34 139 34 3
235 29 29 1
64 224 208 2
75 0 130 2
255 255 0 2
252 144 50 4
255 255 0 2
255 255 0 4

255 255 0 2
255 20 147 4
255 255 0 7
64 224 208 5
115 74 18 2
255 20 147 5
115 74 18 7
252 224 203 7
128 0 128 3
235 29 29 1
252 144 50 2
255 255 0 2
34 139 34 2
64 224 208 4
64 224 208 2
75 0 130 4

255 187 255 4
255 127 0 5
238 238 0 5
255 187 255 1
255 106 106 6
0 0 128 1
238 238 0 2
255 106 106 1
255 187 255 5
255 20 147 2
255 187 255 1
255 106 106 2
255 187 255 4
255 127 0 7
78 238 148 1
0 0 128 3
0 0 128 5
238 173 14 3
255 187 255 6

78 238 148 2
255 127 0 2
255 20 147 8
255 127 0 3
0 139 69 2
255 127 0 8
255 20 147 3
78 238 148 7
255 106 106 4
255 187 255 1
0 139 69 3
0 0 128 8
255 20 147 7
255 127 0 5
255 187 255 2
238 238 0 8

238 173 14 4
238 173 14 4
255 187 255 6
255 127 0 5
255 187 255 3
255 187 255 4
0 245 255 8
0 245 255 4
255 127 0 8
238 238 0 6
238 173 14 2
238 238 0 1
0 139 69 2
0 245 255 5
238 238 0 7
255 187 255 4

238 238 0 3
238 173 14 4
0 245 255 3
0 139 69 1
0 0 128 3
78 238 148 2
255 127 0 6
255 187 255 6
238 173 14 6
0 0 128 4
238 173 14 7
78 238 148 6
0 0 128 5
238 238 0 8
255 187 255 3
0 0 128 2

0 139 69 5
0 139 69 2
0 0 128 8
238 238 0 4
0 0 128 6
0 139 69 7
0 0 128 1
78 238 148 6
0 245 255 1
0 139 69 2
255 20 147 5
255 106 106 1
255 106 106 3
238 173 14 5
0 245 255 2
255 187 255 2
238 238 0 6
255 20 147 1
0 245 255 6

238 173 14 3
0 0 128 1
238 238 0 3
0 139 69 6
0 245 255 8
238 173 14 8
255 20 147 6
255 106 106 1
0 245 255 4
255 187 255 8
0 139 69 4
255 106 106 8
255 187 255 4
255 187 255 4
0 0 128 4
255 127 0 3

0 245 255 1
238 238 0 7
255 106 106 1
0 0 128 8
255 127 0 7
238 238 0 1
78 238 148 6
255 127 0 6
255 127 0 5
0 245 255 1
255 20 147 1
238 173 14 4
0 139 69 3
255 106 106 8
255 187 255 3
78 238 148 6

255 20 147 2
0 139 69 2
255 106 106 4
0 245 255 7
255 106 106 4
78 238 148 3
0 245 255 8
0 139 69 6
0 245 255 1
238 173 14 5
255 187 255 1
255 106 106 1
238 238 0 8
0 245 255 3
0 0 128 8
0 0 128 5

255 187 255 8
78 238 148 1
255 20 147 2
0 0 128 3
78 238 148 3
238 238 0 3
255 187 255 1
255 127 0 4
0 0 128 6
238 173 14 1
238 238 0 6
0 139 69 5
238 173 14 7
255 187 255 5
255 20 147 4
255 127 0 8
238 173 14 5

0 139 69 8
78 238 148 1
78 238 148 6
0 245 255 1
0 0 128 8
238 173 14 2
238 238 0 4
238 173 14 6
0 245 255 8
0 139 69 7
0 245 255 7
255 106 106 6
255 106 106 6
255 106 106 3
255 20 147 3
238 173 14 3
255 106 106 4
78 238 148 6
255 106 106 4

255 127 0 4
0 245 255 3
255 106 106 8
255 106 106 2
238 173 14 5
255 20 147 8
238 238 0 2
0 0 128 8
78 238 148 8
78 238 148 3
238 238 0 2
238 238 0 8
255 127 0 1
238 238 0 2
78 238 148 7
255 106 106 2

238 238 0 3
0 139 69 4
78 238 148 6
255 127 0 5
255 187 255 5
78 238 148 1
238 173 14 7
238 238 0 6
255 187 255 8
255 20 147 1
0 0 128 4
0 245 255 3
255 187 255 4
0 0 128 2
255 127 0 4
78 238 148 3

0 0 128 3
255 20 147 5
78 238 148 5
255 106 106 2
0 0 128 5
0 0 128 6
0 139 69 3
255 106 106 2
0 139 69 7
255 106 106 3
255 187 255 7
0 245 255 2
238 173 14 7
238 173 14 5
255 127 0 8
255 187 255 7

255 20 147 7
78 238 148 7
255 127 0 2
0 245 255 5
255 187 255 1
238 238 0 5
255 187 255 7
0 139 69 1
238 238 0 3
255 20 147 1
0 245 255 8
238 173 14 8
78 238 148 1
255 187 255 2
255 106 106 4
238 173 14 2
255 106 106 4
78 238 148 7
78 238 148 3
238 173 14 1
78 238 148 1
255 20 147 3
255 106 106 5
238 173 14 2
0 139 69 2
238 238 0 7

238 173 14 5
0 0 128 4
0 0 128 4
0 139 69 3
238 173 14 8
255 20 147 3
0 245 255 6
78 238 148 7
0 245 255 3
255 106 106 7
0 245 255 1
255 106 106 7
255 106 106 2
255 20 147 3
0 0 128 8
255 187 255 1

255 187 255 2
0 139 69 4
255 127 0 6
238 238 0 7
0 139 69 2
255 106 106 3
238 238 0 5
255 187 255 8
0 245 255 2
255 127 0 2
78 238 148 3
255 127 0 6
238 173 14 5
255 187 255 4
0 139 69 3
255 127 0 4

0 0 128 3
255 187 255 1
255 106 106 6
0 0 128 2
255 20 147 1
255 127 0 3
78 238 148 7
255 106 106 4
0 0 128 5
238 238 0 7
255 187 255 5
0 139 69 7
0 0 128 2
255 187 255 2
238 238 0 6
0 245 255 3

255 20 147 2
255 187 255 2
0 139 69 8
0 245 255 2
255 127 0 3
255 187 255 6
255 20 147 5
0 0 128 2
0 139 69 8
0 245 255 2
0 0 128 1
255 20 147 3
238 238 0 5
255 187 255 5
255 187 255 2
0 245 255 3

0 0 128 5
0 139 69 4
255 187 255 8
238 238 0 6
0 139 69 3
78 238 148 4
255 106 106 2
238 173 14 1
255 127 0 2
255 106 106 7
78 238 148 7
78 238 148 2
0 245 255 3
0 0 128 5
255 20 147 8
78 238 148 1

78 238 148 5
0 0 128 3
255 127 0 2
238 173 14 4
78 238 148 3
255 20 147 8
238 238 0 7
255 127 0 5
238 238 0 7
255 106 106 6
255 106 106 5
0 139 69 8
0 0 128 6
0 0 128 4
255 187 255 6
0 139 69 7

252 144 50 4
34 139 34 5
64 224 208 8
75 0 130 6
75 0 130 4
34 139 34 4
34 139 34 3
34 139 34 6
255 20 147 6
255 20 147 7
252 144 50 2
252 144 50 3
235 29 29 5
235 29 29 2
34 139 34 5
34 139 34 1

