252 224 203
64 224 208
0 0 255
0 0 255
252 224 203
0 0 255
0 0 255
0 0 255
252 224 203
115 74 18
0 0 255
0 0 255
34 139 34
115 74 18
0 0 255
255 20 147

252 224 203
75 0 130
75 0 130
0 0 255
252 224 203
75 0 130
75 0 130
0 0 255
252 224 203
235 29 29
75 0 130
34 139 34
252 224 203
128 0 128
75 0 130
34 139 34

252 144 50
34 139 34
255 20 147
34 139 34
252 144 50
64 224 208
255 20 147
34 139 34
252 144 50
75 0 130
255 20 147
34 139 34
255 255 0
75 0 130
255 20 147
75 0 130

64 224 208
128 0 128
255 20 147
255 20 147
64 224 208
252 144 50
255 20 147
255 20 147
64 224 208
255 255 0
255 20 147
255 20 147
75 0 130
255 255 0
255 20 147
255 255 0

255 106  106
238 173  14
238 173  14
238 173  14
0 245  255
0 245  255
0 245  255
0 245  255
78 238  148
78 238  148
78 238  148
78 238  148
255 187  255
0 0  128
78 238  148
238 173  14

238 238  0
0 245  255
0 245  255
0 139  69
78 238  148
78 238  148
0 245  255
0 245  255
0 245  255
78 238  148
255 187  255
0 245  255
255 20  147
78 238  148
255 187  255
238 238  0

238 238  0
238 238  0
0 245  255
238 238  0
255 106  106
238 238  0
238 238  0
238 238  0
255 106  106
255 127  0
255 106  106
0 139  69
255 20  147
0 0  128
255 106  106
255 106  106

255 127  0
0 0  128
255 187  255
0 139  69
255 127  0
238 173  14
238 173  14
255 106  106
255 127  0
255 20  147
238 173  14
255 187  255
255 127  0
78 238  148
238 173  14
238 173  14

0 0  128
255 187  255
255 127  0
255 106  106
0 0  128
0 139  69
255 127  0
255 106  106
78 238  148
255 127  0
255 127  0
255 106  106
78 238  148
255 20  147
255 127  0
0 139  69

255 187  255
238 238  0
238 238  0
238 238  0
0 245  255
0 245  255
0 245  255
238 238  0
0 245  255
0 245  255
0 245  255
255 187  255
0 245  255
0 245  255
0 245  255
255 187  255

255 187  255
0 245  255
0 245  255
0 139  69
255 187  255
255 187  255
255 187  255
255 187  255
78 238  148
78 238  148
78 238  148
78 238  148
255 187  255
255 187  255
0 0  128
0 0  128

0 245  255
255 20  147
0 139  69
0 0  128
255 106  106
255 20  147
78 238  148
0 139  69
255 106  106
255 20  147
78 238  148
0 0  128
255 106  106
255 106  106
78 238  148
78 238  148

0 245  255
0 245  255
238 238  0
238 238  0
0 245  255
0 245  255
238 173  14
238 238  0
255 187  255
0 245  255
238 173  14
238 238  0
255 127  0
255 187  255
255 106  106
0 0  128

0 139  69
255 106  106
255 106  106
255 127  0
0 139  69
255 106  106
255 106  106
255 127  0
255 20  147
255 20  147
255 106  106
0 0  128
238 173  14
255 20  147
255 106  106
255 187  255

78 238  148
238 173  14
255 106  106
255 106  106
255 127  0
255 127  0
255 106  106
255 106  106
255 127  0
255 127  0
0 139  69
255 106  106
255 127  0
255 127  0
0 139  69
0 139  69

255 106  106
255 106  106
0 245  255
0 245  255
0 245  255
0 245  255
0 245  255
0 139  69
238 173  14
0 245  255
0 245  255
255 106  106
0 0  128
0 245  255
0 245  255
0 0  128

0 0  128
255 127  0
238 238  0
238 238  0
0 0  128
255 127  0
238 238  0
238 238  0
255 20  147
238 238  0
238 238  0
255 187  255
255 187  255
238 238  0
0 0  128
255 187  255

255 106  106
255 20  147
238 173  14
238 173  14
78 238  148
255 20  147
255 20  147
0 139  69
238 238  0
255 20  147
255 20  147
255 20  147
238 238  0
238 238  0
238 238  0
78 238  148

0 245  255
255 106  106
255 106  106
255 106  106
0 245  255
0 245  255
0 245  255
0 245  255
0 0  128
0 0  128
0 0  128
0 0  128
238 238  0
238 173  14
0 0  128
0 245  255

238 238  0
78 238  148
255 20  147
0 245  255
78 238  148
78 238  148
255 20  147
0 245  255
78 238  148
238 238  0
255 20  147
255 106  106
78 238  148
238 238  0
255 20  147
255 106  106

0 245  255
0 245  255
0 245  255
238 238  0
0 139  69
0 139  69
0 0  128
238 238  0
238 173  14
238 173  14
255 127  0
255 127  0
0 0  128
0 0  128
255 20  147
255 20  147

78 238  148
78 238  148
255 127  0
0 0  128
0 245  255
78 238  148
255 127  0
255 187  255
238 238  0
0 245  255
255 127  0
255 20  147
255 187  255
238 238  0
0 0  128
255 20  147

255 106  106
0 245  255
255 187  255
255 187  255
0 139  69
0 139  69
255 187  255
255 187  255
0 0  128
0 0  128
0 0  128
0 0  128
0 0  128
0 0  128
0 0  128
0 0  128

0 245  255
0 245  255
255 187  255
255 187  255
0 245  255
238 173  14
255 187  255
255 187  255
0 245  255
238 173  14
255 187  255
255 187  255
78 238  148
238 173  14
238 173  14
0 245  255

0 0  128
78 238  148
238 238  0
0 245  255
0 0  128
78 238  148
238 238  0
0 245  255
0 245  255
78 238  148
238 238  0
238 238  0
0 245  255
0 245  255
255 187  255
255 187  255

255 20  147
0 245  255
0 139  69
255 127  0
255 20  147
0 139  69
255 127  0
255 127  0
0 0  128
255 106  106
0 0  128
0 0  128
238 238  0
238 238  0
238 238  0
255 20  147


78 238 148
78 238 148
78 238 148
78 238 148
78 238 148
238 238 0
238 238 0
238 238 0
238 238 0
255 127 0
255 127 0
255 127 0
255 127 0
0 0 128
0 0 128
255 20 147
255 127  0
255 106  106
0 0  128
238 173  14
238 173  14
255 106  106
0 0  128
255 127  0
238 173  14
255 106  106
0 0  128
0 0  128
238 173  14
255 106  106
0 0  128
238 173  14

255 127  0
255 127  0
0 139  69
0 139  69
255 127  0
255 127  0
0 0  128
238 238  0
255 127  0
255 127  0
0 0  128
0 139  69
255 127  0
0 0  128
0 0  128
0 245  255

238 238  0
0 139  69
238 173  14
255 106  106
78 238  148
255 106  106
238 173  14
255 106  106
78 238  148
255 106  106
238 173  14
255 106  106
78 238  148
255 106  106
238 173  14
255 106  106

0 139  69
78 238  148
255 106  106
255 187  255
0 139  69
78 238  148
255 106  106
0 0  128
0 139  69
78 238  148
255 106  106
0 0  128
0 0  128
78 238  148
255 106  106
0 0  128

238 173  14
238 173  14
238 173  14
0 139  69
255 187  255
255 187  255
255 187  255
255 106  106
0 139  69
0 139  69
255 127  0
78 238  148
255 127  0
255 127  0
255 127  0
255 127  0

0 0  128
0 0  128
0 139  69
0 139  69
255 106  106
78 238  148
0 139  69
0 139  69
255 106  106
78 238  148
0 139  69
255 187  255
0 0  128
78 238  148
238 238  0
238 238  0

255 20  147
0 139  69
255 20  147
255 20  147
255 20  147
0 139  69
255 187  255
255 187  255
255 20  147
0 139  69
0 139  69
0 139  69
255 20  147
0 0  128
0 245  255
0 245  255

34 139 34
34 139 34
64 224 208
75 0 130
34 139 34
34 139 34
64 224 208
75 0 130
255 20 147
255 20 147
64 224 208
34 139 34
235 29 29
255 20 147
64 224 208
34 139 34

255 187  255
255 187  255
78 238  148
78 238  148
238 238  0
238 238  0
238 238  0
78 238  148
0 245  255
238 238  0
255 20  147
78 238  148
255 106  106
255 106  106
255 20  147
255 20  147

