78 238 148 8
255 187 255 5
0 245 255 17
255 127 0 14
78 238 148 5
255 20 147 17
255 127 0 2
0 0 128 10
255 187 255 20
238 173 14 9
255 106 106 19
255 127 0 10
0 0 128 7
0 0 128 6
255 20 147 7
255 127 0 10
238 173 14 20
0 139 69 9
78 238 148 12
0 0 128 12
255 127 0 6
238 238 0 4
0 0 128 19
0 245 255 8
255 106 106 9
0 139 69 15
78 238 148 15
0 0 128 12
0 0 128 14
238 238 0 12
255 106 106 11
238 238 0 4
255 20 147 9
238 238 0 7
0 245 255 3
78 238 148 3
78 238 148 1
78 238 148 3
238 238 0 7
255 187 255 7
238 238 0 11
238 173 14 4
255 106 106 1
238 238 0 5
238 238 0 19
0 245 255 3
78 238 148 6
0 0 128 7
0 0 128 14
0 245 255 13
238 173 14 16
255 187 255 17
0 139 69 18
255 127 0 19
238 238 0 7
0 139 69 1
255 106 106 9
238 173 14 4
238 173 14 19
78 238 148 14
255 187 255 7
0 139 69 18
0 139 69 8
238 238 0 9
0 0 128 7
0 0 128 13
0 139 69 3
238 173 14 3
238 238 0 14
238 238 0 4
0 139 69 14
78 238 148 12
78 238 148 12
255 106 106 14
238 238 0 7
255 127 0 15
0 139 69 8
238 173 14 7
255 106 106 14
0 0 128 20
0 139 69 20
78 238 148 20
255 187 255 6
255 20 147 13
255 127 0 12
255 127 0 10
0 0 128 12
0 0 128 17
255 106 106 18
238 238 0 11
238 173 14 1
0 139 69 4
0 139 69 17
255 187 255 20
255 187 255 2
0 139 69 5
238 173 14 2
255 187 255 14
255 20 147 3
78 238 148 15
255 20 147 4
0 139 69 9
0 0 128 14
0 0 128 8
0 139 69 13
255 20 147 4
0 245 255 7
255 20 147 13
238 238 0 7
0 139 69 10
0 139 69 11
0 245 255 20
255 187 255 12
238 173 14 6
255 127 0 2
0 139 69 12
255 106 106 6
238 238 0 9
78 238 148 2
255 106 106 1
255 106 106 13
238 238 0 11
78 238 148 15
255 127 0 13
0 245 255 16
238 173 14 5
238 238 0 2
0 139 69 8
255 20 147 15
0 0 128 18
255 187 255 17
255 127 0 1
0 245 255 3
238 238 0 9
0 139 69 11
255 106 106 19
255 187 255 16
78 238 148 12
0 245 255 9
238 238 0 5
255 127 0 6
0 139 69 1
238 238 0 9
255 127 0 3

255 20 147 1
255 106 106 4
238 173 14 16
238 238 0 17
255 127 0 1
0 245 255 16
0 0 128 17
0 139 69 18
255 106 106 19
255 127 0 4
255 106 106 20
0 0 128 7
78 238 148 11
238 238 0 15
255 106 106 4
238 238 0 19
255 106 106 19
238 173 14 5
238 238 0 6
255 127 0 7
255 187 255 10
255 187 255 3
255 20 147 10
238 173 14 15
0 139 69 8
0 139 69 16
255 106 106 10
238 238 0 16
255 106 106 4
255 20 147 5
0 245 255 14
255 187 255 20
0 139 69 1
255 20 147 6
0 0 128 9
0 0 128 13
255 106 106 13
0 245 255 18
255 20 147 2
0 245 255 18
238 173 14 1
238 238 0 7
255 187 255 4
0 0 128 8
238 238 0 19
238 238 0 3
255 187 255 7
255 127 0 18
0 245 255 18
78 238 148 4
238 173 14 20
0 139 69 18
0 0 128 14
255 127 0 17
78 238 148 13
0 245 255 17
255 20 147 13
255 127 0 11
238 238 0 3
255 20 147 15
255 20 147 7
238 173 14 14
0 0 128 10
255 20 147 1
255 187 255 11
255 187 255 1
0 139 69 12
255 127 0 6
0 0 128 16
255 106 106 13
255 106 106 11
238 238 0 19
238 173 14 13
238 173 14 2
255 187 255 2
238 173 14 10
238 238 0 18
238 238 0 13
255 106 106 12
255 20 147 10
78 238 148 4
238 238 0 16
0 0 128 10
238 238 0 13
0 0 128 17
0 139 69 13
255 106 106 7
255 20 147 13
78 238 148 5
255 187 255 3
255 106 106 11
255 106 106 12
255 106 106 2
78 238 148 16
238 173 14 9
0 139 69 17
78 238 148 5
0 0 128 6
78 238 148 8
78 238 148 16
255 127 0 11
238 173 14 13
78 238 148 19
255 187 255 1
255 127 0 17
238 238 0 3
255 20 147 20
0 0 128 10
255 20 147 20
0 0 128 15
255 187 255 17
78 238 148 8
0 0 128 2
238 238 0 17
255 20 147 10
255 187 255 14
0 139 69 15
255 106 106 2
0 139 69 17
255 106 106 6
78 238 148 5
255 20 147 17
255 187 255 15
0 0 128 7
78 238 148 4
255 127 0 15
255 20 147 16
238 173 14 9
255 106 106 19
0 139 69 11
255 20 147 14
255 20 147 16
255 187 255 5
0 245 255 19
255 187 255 2
78 238 148 5
0 245 255 16
238 238 0 9
0 0 128 18
78 238 148 7
255 106 106 14
78 238 148 11
238 173 14 1
0 245 255 3

255 106 106 7
0 0 128 17
78 238 148 11
238 238 0 9
0 245 255 6
255 106 106 12
255 187 255 1
0 245 255 3
255 20 147 6
238 238 0 3
78 238 148 16
238 238 0 1
255 127 0 16
0 245 255 12
0 245 255 20
238 173 14 18
255 187 255 13
238 173 14 6
255 20 147 12
255 187 255 17
255 127 0 19
255 127 0 20
255 187 255 10
238 173 14 9
0 139 69 12
0 0 128 7
238 238 0 19
0 245 255 3
255 187 255 16
255 127 0 5
0 0 128 16
78 238 148 15
0 0 128 16
238 173 14 20
255 127 0 8
255 20 147 20
255 20 147 2
78 238 148 19
255 106 106 3
78 238 148 7
0 0 128 10
78 238 148 18
255 20 147 16
238 238 0 16
0 245 255 8
255 106 106 4
255 127 0 12
255 106 106 1
0 0 128 4
0 0 128 16
0 245 255 17
255 106 106 1
0 0 128 4
238 173 14 2
255 127 0 12
255 187 255 14
238 238 0 10
78 238 148 9
0 139 69 3
238 238 0 7
0 0 128 3
78 238 148 4
255 127 0 16
255 106 106 19
255 187 255 5
255 20 147 6
0 245 255 16
0 139 69 1
255 187 255 10
255 187 255 12
238 238 0 17
255 20 147 18
255 20 147 10
255 187 255 19
0 0 128 9
255 106 106 5
0 0 128 9
0 0 128 11
0 245 255 20
0 0 128 10
255 20 147 11
238 238 0 1
255 20 147 10
0 139 69 19
238 173 14 6
255 20 147 10
0 245 255 15
0 139 69 2
255 20 147 4
255 187 255 18
255 187 255 20
78 238 148 2
0 0 128 10
0 0 128 6
0 245 255 13
0 0 128 5
0 0 128 10
78 238 148 10
78 238 148 17
255 127 0 19
238 238 0 18
255 106 106 15
255 20 147 20
255 106 106 18
255 127 0 10
255 106 106 6
255 106 106 2
238 238 0 13
255 127 0 2
255 20 147 20
238 173 14 13
0 245 255 5
0 245 255 10
255 20 147 4
255 20 147 3
255 20 147 19
255 106 106 13
255 20 147 8
78 238 148 9
238 238 0 15
238 238 0 18
0 245 255 20
238 238 0 10
238 238 0 2
255 127 0 10
255 187 255 5
0 245 255 1
255 127 0 2
78 238 148 3
238 173 14 20
238 173 14 7
0 0 128 13
238 173 14 14
0 0 128 5
255 187 255 11
255 20 147 13
255 127 0 19
255 127 0 16
255 20 147 3
255 127 0 2
255 187 255 20
78 238 148 15
238 238 0 18
0 0 128 11

255 20 147 15
238 173 14 7
78 238 148 11
238 173 14 7
0 0 128 14
0 245 255 12
255 187 255 7
0 0 128 5
255 20 147 11
0 245 255 5
0 245 255 2
238 173 14 11
0 0 128 10
238 238 0 20
255 106 106 7
255 20 147 12
255 106 106 2
255 187 255 5
255 106 106 18
255 20 147 11
238 238 0 8
0 139 69 17
0 139 69 10
255 127 0 14
0 245 255 7
255 106 106 4
255 127 0 12
238 238 0 1
255 127 0 2
238 238 0 7
255 127 0 14
0 139 69 2
0 139 69 1
0 245 255 15
255 20 147 9
238 238 0 15
255 127 0 15
0 139 69 4
0 245 255 15
238 238 0 15
0 139 69 1
238 238 0 11
78 238 148 14
255 20 147 20
255 20 147 10
238 238 0 4
238 238 0 7
78 238 148 6
255 20 147 10
0 0 128 4
0 139 69 20
0 245 255 7
238 173 14 12
255 187 255 16
255 187 255 2
0 245 255 13
255 187 255 19
238 173 14 8
255 127 0 20
255 187 255 12
0 139 69 16
78 238 148 6
238 173 14 2
255 20 147 13
255 127 0 6
255 187 255 1
0 0 128 7
0 139 69 8
255 187 255 17
238 173 14 18
78 238 148 12
0 139 69 19
238 238 0 12
255 20 147 2
255 127 0 18
0 245 255 20
255 127 0 7
78 238 148 5
0 0 128 20
78 238 148 11
255 127 0 14
0 245 255 5
0 245 255 18
255 106 106 5
238 173 14 20
255 106 106 13
0 0 128 15
255 187 255 15
255 187 255 4
238 173 14 19
238 173 14 16
255 127 0 17
0 139 69 3
238 238 0 3
0 139 69 19
0 245 255 19
255 187 255 12
238 238 0 17
255 20 147 1
255 20 147 3
255 187 255 19
0 0 128 6
255 20 147 1
0 139 69 9
78 238 148 3
0 0 128 20
0 245 255 19
0 0 128 2
78 238 148 4
238 238 0 17
238 238 0 5
0 0 128 2
238 173 14 6
255 127 0 16
238 173 14 17
255 187 255 14
0 0 128 12
238 173 14 1
255 187 255 20
255 127 0 6
0 245 255 17
0 0 128 16
255 106 106 9
255 106 106 16
0 139 69 11
255 20 147 2
255 127 0 8
0 0 128 15
0 0 128 11
255 20 147 15
238 173 14 4
255 127 0 13
78 238 148 10
238 238 0 5
0 139 69 14
238 173 14 6
0 245 255 11
0 139 69 19
0 139 69 11
255 187 255 11
78 238 148 18
255 127 0 11
0 0 128 10
255 106 106 7

255 187 255 20
78 238 148 20
255 127 0 12
0 245 255 12
0 0 128 15
255 106 106 12
238 173 14 2
78 238 148 20
255 20 147 5
0 245 255 14
78 238 148 8
238 238 0 17
255 187 255 13
0 245 255 13
0 245 255 9
255 20 147 1
238 173 14 2
78 238 148 1
78 238 148 6
238 173 14 10
0 0 128 14
255 187 255 7
255 20 147 1
255 106 106 8
238 238 0 14
0 0 128 10
0 245 255 11
255 187 255 9
0 245 255 19
255 106 106 1
238 238 0 3
238 238 0 8
0 245 255 12
255 106 106 6
255 106 106 5
255 106 106 6
238 173 14 6
78 238 148 16
0 245 255 3
78 238 148 12
255 20 147 11
238 173 14 10
255 106 106 11
0 139 69 7
0 0 128 4
238 173 14 2
0 245 255 16
0 139 69 10
255 187 255 19
255 187 255 15
255 187 255 16
238 238 0 19
78 238 148 13
255 127 0 16
255 127 0 9
255 127 0 7
0 139 69 4
238 238 0 19
255 106 106 4
238 238 0 6
0 245 255 15
255 20 147 3
238 173 14 15
0 0 128 12
238 238 0 13
255 127 0 14
0 245 255 9
0 0 128 7
0 0 128 10
0 0 128 19
255 106 106 9
255 187 255 10
0 245 255 14
255 20 147 12
255 20 147 3
78 238 148 11
0 139 69 3
78 238 148 17
238 173 14 2
0 245 255 18
238 238 0 7
238 238 0 4
238 238 0 3
0 0 128 3
255 20 147 16
255 20 147 20
0 139 69 16
255 106 106 16
0 245 255 3
255 20 147 14
255 127 0 6
255 187 255 5
238 238 0 2
0 245 255 15
255 187 255 4
0 0 128 11
255 187 255 10
0 245 255 20
255 20 147 1
78 238 148 1
0 0 128 1
78 238 148 16
238 238 0 2
0 139 69 10
0 0 128 13
78 238 148 17
0 139 69 18
0 0 128 17
255 127 0 3
238 173 14 11
255 106 106 1
78 238 148 19
255 106 106 16
0 0 128 12
0 139 69 9
0 139 69 5
255 106 106 20
0 245 255 2
255 106 106 16
0 0 128 3
78 238 148 10
0 0 128 20
255 106 106 4
0 139 69 19
255 20 147 13
255 187 255 1
255 20 147 12
238 173 14 15
255 106 106 3
255 187 255 4
255 106 106 10
238 238 0 10
78 238 148 1
0 0 128 15
238 238 0 4
238 173 14 20
238 238 0 20
0 245 255 16
255 20 147 10
238 238 0 10
255 20 147 10
0 245 255 6
238 238 0 15
78 238 148 19

