0 245 255 13
255 20 147 6
0 0 128 13
255 127 0 8
238 173 14 5
255 20 147 1
0 139 69 8
255 187 255 3
255 127 0 8
255 187 255 5
0 245 255 9
78 238 148 11
255 127 0 10
0 0 128 9
78 238 148 4
255 127 0 9
255 106 106 12
255 106 106 8
0 0 128 7
78 238 148 2
238 173 14 1
238 173 14 6
78 238 148 1
238 173 14 7
255 20 147 11
0 0 128 11
238 238 0 13
255 20 147 9
255 127 0 5
238 238 0 7
78 238 148 5
255 106 106 4
238 173 14 13
0 245 255 7
238 238 0 4
255 127 0 12
255 127 0 13
0 245 255 13
0 0 128 1
0 139 69 6
255 20 147 10
255 20 147 7
255 106 106 3
255 20 147 9
0 245 255 7
0 139 69 6
238 238 0 2
238 238 0 9
0 139 69 12
255 187 255 7
255 127 0 12
0 139 69 4
0 0 128 1
255 20 147 11
238 238 0 10
238 238 0 10
255 127 0 7
238 173 14 11
238 238 0 12
0 0 128 10
0 0 128 3
0 139 69 12
0 245 255 9
255 20 147 3

