78 238  148
255 127  0
0 0  128
0 139  69
0 139  69
0 139  69
0 139  69
0 139  69
78 238  148
255 127  0
0 0  128
0 0  128
0 0  128
0 0  128
0 0  128
78 238  148
255 127  0
255 127  0
255 127  0
255 127  0
0 245  255
238 173  14
238 173  14
238 173  14
255 127  0
255 127  0
0 245  255
255 127  0
0 245  255
238 238  0
78 238  148
78 238  148
255 20  147
255 127  0
255 20  147
255 20  147
0 245  255
0 245  255
0 245  255
0 139  69
0 0  128
255 20  147
0 139  69
0 139  69
0 139  69
0 139  69
0 139  69
238 238  0
0 0  128
255 127  0
0 139  69
0 245  255
238 238  0
238 238  0
238 238  0
238 238  0
0 0  128
0 0  128
0 139  69
0 245  255
0 245  255
0 245  255
0 245  255
0 245  255

255 127  0
78 238  148
238 238  0
255 106  106
238 173  14
0 139  69
0 0  128
0 245  255
78 238  148
78 238  148
238 173  14
238 173  14
238 173  14
0 139  69
255 187  255
0 0  128
78 238  148
255 127  0
255 127  0
255 20  147
238 173  14
0 139  69
255 187  255
255 187  255
255 127  0
255 127  0
255 127  0
255 20  147
238 238  0
238 238  0
255 20  147
255 20  147
255 127  0
255 127  0
255 127  0
255 20  147
238 238  0
238 238  0
78 238  148
238 238  0
0 0  128
238 173  14
0 139  69
238 238  0
238 238  0
238 238  0
78 238  148
78 238  148
0 139  69
0 139  69
0 139  69
0 0  128
238 238  0
78 238  148
78 238  148
0 0  128
255 20  147
255 20  147
0 139  69
255 187  255
255 187  255
0 0  128
238 173  14
238 173  14

