255 106  106
255 106  106
255 20  147
0 245  255
0 139  69
255 187  255
255 106  106
255 106  106
255 20  147
0 245  255
0 139  69
255 187  255
255 106  106
255 106  106
255 20  147
0 245  255
0 139  69
255 187  255
255 106  106
0 139  69
255 20  147
0 139  69
255 127  0
255 187  255
255 106  106
0 139  69
0 139  69
0 139  69
255 127  0
255 187  255
78 238  148
0 139  69
0 139  69
0 139  69
255 127  0
255 127  0

238 238  0
255 187  255
0 245  255
78 238  148
255 20  147
255 187  255
238 238  0
255 187  255
0 245  255
78 238  148
255 20  147
255 187  255
238 238  0
255 187  255
0 245  255
78 238  148
255 20  147
255 187  255
238 238  0
255 187  255
0 245  255
78 238  148
255 20  147
255 187  255
0 139  69
255 187  255
0 245  255
78 238  148
255 20  147
255 187  255
0 139  69
255 187  255
0 245  255
78 238  148
255 20  147
255 187  255

0 139  69
0 139  69
0 139  69
255 187  255
255 187  255
255 187  255
238 173  14
0 139  69
0 139  69
255 187  255
255 187  255
0 245  255
255 187  255
255 187  255
255 187  255
255 187  255
238 238  0
0 245  255
255 20  147
255 106  106
238 173  14
0 0  128
238 238  0
238 238  0
255 106  106
255 106  106
238 173  14
238 173  14
238 238  0
255 106  106
0 0  128
255 106  106
238 173  14
255 106  106
255 106  106
255 106  106

