78 238 148 4
0 0 128 4
238 173 14 8
0 0 128 5
255 20 147 4
255 20 147 6
255 106 106 6
255 106 106 10
255 20 147 6
0 245 255 4
0 139 69 6
255 187 255 8
78 238 148 7
78 238 148 4
0 139 69 10
0 139 69 8
255 20 147 3
255 127 0 10
238 173 14 2
238 173 14 4
0 139 69 3
238 238 0 8
0 139 69 7
78 238 148 9
238 238 0 10
0 139 69 10
255 187 255 10
255 127 0 9
255 20 147 4
0 245 255 6
238 238 0 6
0 139 69 8
238 238 0 8
0 139 69 4
255 106 106 9
0 139 69 1

238 238 0 4
255 187 255 6
0 245 255 7
78 238 148 6
255 20 147 7
255 187 255 8
0 139 69 7
255 106 106 9
255 106 106 8
255 106 106 5
0 139 69 5
255 187 255 10
0 245 255 6
255 20 147 9
0 139 69 5
78 238 148 1
255 106 106 8
255 187 255 10
255 106 106 2
0 245 255 4
0 0 128 4
78 238 148 6
255 127 0 9
255 187 255 9
238 238 0 6
78 238 148 9
0 0 128 9
0 139 69 5
78 238 148 1
238 238 0 8
255 106 106 7
255 20 147 5
255 20 147 6
238 173 14 1
255 127 0 1
238 173 14 1

238 173 14 2
255 187 255 8
255 106 106 4
78 238 148 2
255 106 106 1
0 0 128 6
0 245 255 8
255 106 106 10
0 139 69 3
238 173 14 2
238 173 14 9
255 106 106 10
0 139 69 7
0 139 69 8
238 238 0 9
0 0 128 5
0 245 255 2
255 20 147 8
238 173 14 1
255 106 106 3
0 139 69 2
78 238 148 4
238 173 14 2
255 187 255 8
238 173 14 4
0 245 255 7
238 173 14 1
255 187 255 10
0 139 69 9
238 173 14 2
78 238 148 10
238 238 0 8
255 187 255 9
0 139 69 9
238 173 14 8
0 139 69 7

78 238 148 3
255 127 0 6
0 245 255 1
238 238 0 10
238 173 14 2
255 20 147 4
0 139 69 4
78 238 148 6
255 106 106 1
78 238 148 3
255 20 147 6
255 20 147 9
255 187 255 3
0 0 128 1
255 106 106 5
255 187 255 2
255 187 255 7
0 139 69 10
238 238 0 3
255 127 0 4
0 0 128 3
255 106 106 1
255 127 0 4
255 127 0 3
0 0 128 2
0 245 255 6
255 20 147 3
255 187 255 6
255 187 255 1
255 127 0 8
255 127 0 9
0 245 255 7
255 106 106 2
78 238 148 1
255 187 255 4
255 187 255 10

255 106 106 1
0 245 255 7
255 20 147 5
255 20 147 10
78 238 148 3
238 173 14 6
0 0 128 1
255 127 0 1
255 106 106 4
0 0 128 1
255 127 0 2
255 106 106 10
238 238 0 7
0 0 128 10
255 187 255 4
78 238 148 8
0 139 69 2
0 139 69 3
238 173 14 10
238 173 14 3
78 238 148 5
255 127 0 9
0 0 128 3
238 238 0 8
255 20 147 6
0 0 128 10
0 139 69 1
238 238 0 10
255 20 147 10
238 173 14 9
78 238 148 9
78 238 148 2
255 127 0 3
78 238 148 2
255 106 106 3
238 173 14 7

255 20 147 1
238 173 14 4
0 0 128 4
238 238 0 5
255 20 147 8
255 106 106 7
0 0 128 4
0 139 69 2
0 245 255 8
255 127 0 3
255 20 147 9
0 139 69 10
0 245 255 1
255 20 147 7
238 238 0 7
0 139 69 9
238 238 0 9
255 106 106 9
238 238 0 2
255 187 255 8
255 187 255 2
255 127 0 6
255 106 106 4
0 0 128 2
238 238 0 10
78 238 148 9
0 0 128 8
78 238 148 10
78 238 148 8
255 20 147 3
255 127 0 10
0 0 128 10
238 238 0 8
238 238 0 3
255 106 106 10
0 245 255 9

